x	y
4510	12329
4511	12601
4512	12872
4513	13144
4514	13416
4514	13688
4515	13960
4516	14232
4517	14504
4518	14775
4519	15047
4520	15319
4521	15591
4521	15863
4522	16135
4746	12192
4983	12327
4747	12464
4984	12599
4748	12736
4985	12871
4749	13008
4986	13143
4750	13279
4987	13415
4751	13551
4987	13686
4751	13823
4988	13958
4752	14095
4989	14230
4753	14367
4990	14502
4754	14639
4991	14774
4755	14911
4992	15046
4756	15182
4993	15318
4757	15454
4994	15589
4757	15726
4994	15861
4758	15998
4995	16133
4759	16270
4996	16405
4760	16542
4997	16677
4761	16813
4998	16949
4762	17085
4999	17220
5002	18308
5003	18580
5004	18851
5011	21026
5012	21298
5013	21570
5013	21842
5014	22113
5015	22385
5016	22657
5017	22929
5018	23201
5019	23473
5019	23745
5020	24016
5021	24288
5219	12191
5456	12326
5220	12462
5457	12598
5221	12734
5458	12869
5222	13006
5459	13141
5223	13278
5460	13413
5224	13550
5460	13685
5224	13822
5461	13957
5225	14093
5462	14229
5226	14365
5463	14501
5227	14637
5464	14772
5228	14909
5465	15044
5229	15181
5466	15316
5230	15453
5467	15588
5230	15725
5467	15860
5231	15996
5468	16132
5232	16268
5469	16403
5233	16540
5470	16675
5234	16812
5471	16947
5235	17084
5472	17219
5236	17356
5473	17491
5237	17627
5473	17763
5237	17899
5474	18034
5238	18171
5475	18306
5239	18443
5476	18578
5240	18715
5477	18850
5241	18987
5478	19122
5242	19258
5479	19394
5243	19530
5480	19665
5243	19802
5480	19937
5244	20074
5481	20209
5245	20346
5482	20481
5246	20618
5483	20753
5247	20889
5484	21025
5248	21161
5485	21296
5249	21433
5486	21568
5250	21705
5486	21840
5250	21977
5487	22112
5251	22249
5488	22384
5252	22520
5489	22656
5253	22792
5490	22928
5254	23064
5491	23199
5255	23336
5492	23471
5256	23608
5492	23743
5256	23880
5493	24015
5257	24152
5494	24287
5258	24423
5495	24559
5500	26190
5501	26461
5265	26598
5502	26733
5266	26870
5503	27005
5267	27142
5504	27277
5268	27414
5505	27549
5269	27685
5505	27821
5269	27957
5506	28092
5270	28229
5507	28364
5271	28501
5508	28636
5272	28773
5509	28908
5273	29045
5510	29180
5274	29316
5511	29452
5692	12189
5929	12324
5693	12461
5930	12596
5694	12733
5931	12868
5695	13005
5932	13140
5696	13276
5933	13412
5697	13548
5933	13683
5697	13820
5934	13955
5698	14092
5935	14227
5699	14364
5936	14499
5700	14636
5937	14771
5701	14908
5938	15043
5702	15179
5939	15315
5703	15451
5940	15586
5703	15723
5940	15858
5704	15995
5941	16130
5705	16267
5942	16402
5706	16539
5943	16674
5707	16810
5944	16946
5708	17082
5945	17217
5709	17354
5946	17489
5710	17626
5946	17761
5710	17898
5947	18033
5711	18170
5948	18305
5712	18441
5949	18577
5713	18713
5950	18848
5714	18985
5951	19120
5715	19257
5952	19392
5716	19529
5953	19664
5716	19801
5953	19936
5717	20072
5954	20208
5718	20344
5955	20479
5719	20616
5956	20751
5720	20888
5957	21023
5721	21160
5958	21295
5722	21432
5959	21567
5723	21703
5959	21839
5723	21975
5960	22110
5724	22247
5961	22382
5725	22519
5962	22654
5726	22791
5963	22926
5727	23063
5964	23198
5728	23335
5965	23470
5729	23606
5965	23742
5729	23878
5966	24013
5730	24150
5967	24285
5731	24422
5968	24557
5732	24694
5972	25644
5735	25781
5972	25916
5736	26053
5973	26188
5737	26325
5974	26460
5738	26597
5975	26732
5739	26868
5976	27004
5740	27140
5977	27275
5741	27412
5978	27547
5742	27684
5978	27819
5742	27956
5979	28091
5743	28228
5980	28363
5744	28499
5981	28635
5745	28771
5982	28906
5746	29043
5983	29178
5747	29315
5984	29450
6165	12188
6402	12323
6166	12459
6403	12595
6167	12731
6404	12866
6168	13003
6405	13138
6169	13275
6406	13410
6170	13547
6406	13682
6170	13819
6407	13954
6171	14090
6408	14226
6172	14362
6409	14497
6173	14634
6410	14769
6174	14906
6411	15041
6175	15178
6412	15313
6176	15450
6413	15585
6176	15722
6413	15857
6177	15993
6414	16129
6178	16265
6415	16400
6179	16537
6416	16672
6180	16809
6417	16944
6181	17081
6418	17216
6182	17353
6419	17488
6183	17624
6419	17760
6183	17896
6420	18031
6184	18168
6421	18303
6185	18440
6422	18575
6186	18712
6423	18847
6187	18984
6424	19119
6188	19255
6425	19391
6189	19527
6426	19662
6189	19799
6426	19934
6190	20071
6427	20206
6191	20343
6428	20478
6192	20615
6429	20750
6193	20886
6430	21022
6194	21158
6431	21293
6195	21430
6432	21565
6195	21702
6432	21837
6196	21974
6433	22109
6197	22246
6434	22381
6198	22517
6435	22653
6199	22789
6436	22924
6200	23061
6437	23196
6201	23333
6438	23468
6202	23605
6438	23740
6202	23877
6439	24012
6203	24149
6440	24284
6204	24420
6441	24556
6205	24692
6442	24827
6206	24964
6443	25099
6207	25236
6444	25371
6208	25508
6445	25643
6208	25780
6445	25915
6209	26051
6446	26187
6210	26323
6447	26458
6211	26595
6448	26730
6212	26867
6449	27002
6213	27139
6450	27274
6214	27411
6451	27546
6215	27682
6451	27818
6215	27954
6452	28089
6216	28226
6453	28361
6217	28498
6454	28633
6218	28770
6455	28905
6219	29042
6456	29177
6220	29313
6457	29449
6638	12186
6875	12321
6639	12458
6876	12593
6640	12730
6877	12865
6641	13002
6878	13137
6642	13273
6879	13409
6643	13545
6879	13680
6643	13817
6880	13952
6644	14089
6881	14224
6645	14361
6882	14496
6646	14633
6883	14768
6647	14904
6884	15040
6648	15176
6885	15312
6649	15448
6886	15583
6649	15720
6886	15855
6650	15992
6887	16127
6651	16264
6888	16399
6652	16536
6889	16671
6653	16807
6890	16943
6654	17079
6891	17214
6655	17351
6892	17486
6656	17623
6892	17758
6656	17895
6893	18030
6657	18167
6894	18302
6658	18438
6895	18574
6659	18710
6896	18845
6660	18982
6897	19117
6661	19254
6898	19389
6662	19526
6899	19661
6662	19798
6899	19933
6663	20069
6900	20205
6664	20341
6901	20476
6665	20613
6902	20748
6666	20885
6903	21020
6667	21157
6904	21292
6668	21429
6905	21564
6668	21700
6905	21836
6669	21972
6906	22107
6670	22244
6907	22379
6671	22516
6908	22651
6672	22788
6909	22923
6673	23060
6910	23195
6674	23332
6911	23467
6675	23603
6911	23739
6675	23875
6912	24010
6676	24147
6913	24282
6677	24419
6914	24554
6678	24691
6915	24826
6679	24963
6916	25098
6680	25234
6917	25370
6681	25506
6918	25641
6681	25778
6918	25913
6919	26185
6683	26322
6920	26457
6684	26594
6921	26729
6685	26865
6922	27001
6686	27137
6923	27272
6687	27409
6924	27544
6688	27681
6924	27816
6688	27953
6925	28088
6689	28225
6926	28360
6690	28496
6927	28632
6691	28768
6928	28903
6692	29040
6929	29175
6693	29312
6930	29447
7111	12185
7348	12320
7112	12456
7349	12592
7113	12728
7350	12863
7114	13000
7351	13135
7115	13272
7352	13407
7116	13544
7352	13679
7116	13816
7353	13951
7117	14087
7354	14223
7118	14359
7355	14494
7119	14631
7356	14766
7120	14903
7357	15038
7121	15175
7358	15310
7122	15447
7359	15582
7122	15719
7359	15854
7123	15990
7360	16126
7124	16262
7361	16397
7125	16534
7362	16669
7126	16806
7363	16941
7127	17078
7364	17213
7128	17350
7365	17485
7129	17621
7365	17757
7129	17893
7366	18028
7130	18165
7367	18300
7131	18437
7368	18572
7132	18709
7369	18844
7133	18981
7370	19116
7134	19252
7371	19388
7135	19524
7372	19659
7135	19796
7372	19931
7136	20068
7373	20203
7137	20340
7374	20475
7138	20612
7375	20747
7139	20883
7376	21019
7140	21155
7377	21290
7141	21427
7378	21562
7141	21699
7378	21834
7142	21971
7379	22106
7143	22243
7380	22378
7144	22514
7381	22650
7145	22786
7382	22921
7146	23058
7383	23193
7147	23330
7384	23465
7148	23602
7384	23737
7148	23874
7385	24009
7149	24146
7386	24281
7150	24417
7387	24553
7151	24689
7388	24824
7152	24961
7389	25096
7153	25233
7390	25368
7154	25505
7391	25640
7154	25777
7391	25912
7155	26048
7392	26184
7156	26320
7393	26455
7157	26592
7394	26727
7158	26864
7395	26999
7159	27136
7396	27271
7160	27408
7397	27543
7161	27679
7397	27815
7161	27951
7398	28086
7162	28223
7399	28358
7163	28495
7400	28630
7164	28767
7401	28902
7165	29039
7402	29174
7166	29310
7403	29446
7584	12183
7821	12318
7585	12455
7822	12590
7586	12727
7823	12862
7587	12999
7824	13134
7588	13270
7825	13406
7589	13542
7825	13677
7589	13814
7826	13949
7590	14086
7827	14221
7591	14358
7828	14493
7592	14630
7829	14765
7593	14901
7830	15037
7594	15173
7831	15308
7595	15445
7832	15580
7595	15717
7832	15852
7596	15989
7833	16124
7597	16261
7834	16396
7598	16533
7835	16668
7599	16804
7836	16940
7600	17076
7837	17211
7601	17348
7838	17483
7602	17620
7838	17755
7602	17892
7839	18027
7603	18164
7840	18299
7604	18435
7841	18571
7605	18707
7842	18842
7606	18979
7843	19114
7607	19251
7844	19386
7608	19523
7845	19658
7608	19795
7845	19930
7609	20066
7846	20202
7610	20338
7847	20473
7611	20610
7848	20745
7612	20882
7849	21017
7613	21154
7850	21289
7614	21426
7851	21561
7614	21697
7851	21833
7615	21969
7852	22104
7616	22241
7853	22376
7617	22513
7854	22648
7618	22785
7855	22920
7619	23057
7856	23192
7620	23328
7857	23464
7621	23600
7857	23735
7621	23872
7858	24007
7622	24144
7859	24279
7623	24416
7860	24551
7624	24688
7861	24823
7625	24960
7862	25095
7626	25231
7863	25367
7627	25503
7864	25638
7627	25775
7864	25910
7628	26047
7865	26182
7629	26319
7866	26454
7630	26591
7867	26726
7631	26862
7868	26998
7632	27134
7869	27269
7633	27406
7870	27541
7634	27678
7870	27813
7634	27950
7871	28085
7635	28222
7872	28357
7636	28493
7873	28629
7637	28765
7874	28900
7638	29037
7875	29172
7639	29309
7876	29444
8057	12182
8294	12317
8058	12453
8295	12589
8059	12725
8296	12860
8060	12997
8297	13132
8061	13269
8298	13404
8062	13541
8298	13676
8062	13813
8299	13948
8063	14084
8300	14220
8064	14356
8301	14491
8065	14628
8302	14763
8066	14900
8303	15035
8067	15172
8304	15307
8068	15444
8305	15579
8068	15716
8305	15851
8069	15987
8306	16123
8070	16259
8307	16394
8071	16531
8308	16666
8072	16803
8309	16938
8073	17075
8310	17210
8074	17347
8311	17482
8075	17618
8311	17754
8075	17890
8312	18025
8076	18162
8313	18297
8077	18434
8314	18569
8078	18706
8315	18841
8079	18978
8316	19113
8080	19249
8317	19385
8081	19521
8318	19656
8081	19793
8318	19928
8082	20065
8319	20200
8083	20337
8320	20472
8084	20609
8321	20744
8085	20880
8322	21016
8086	21152
8323	21287
8087	21424
8324	21559
8087	21696
8324	21831
8088	21968
8325	22103
8089	22240
8326	22375
8090	22511
8327	22647
8091	22783
8328	22918
8092	23055
8329	23190
8093	23327
8330	23462
8094	23599
8330	23734
8094	23871
8331	24006
8095	24143
8332	24278
8096	24414
8333	24550
8097	24686
8334	24821
8098	24958
8335	25093
8099	25230
8336	25365
8100	25502
8337	25637
8100	25774
8337	25909
8101	26045
8338	26181
8102	26317
8339	26452
8103	26589
8340	26724
8104	26861
8341	26996
8105	27133
8342	27268
8106	27405
8343	27540
8107	27676
8343	27812
8107	27948
8344	28083
8108	28220
8345	28355
8109	28492
8346	28627
8110	28764
8347	28899
8111	29036
8348	29171
8112	29307
8349	29443
8530	12180
8767	12315
8531	12452
8768	12587
8532	12724
8769	12859
8533	12996
8770	13131
8534	13267
8771	13403
8535	13539
8771	13674
8535	13811
8772	13946
8536	14083
8773	14218
8537	14355
8774	14490
8538	14627
8775	14762
8539	14898
8776	15034
8540	15170
8777	15305
8541	15442
8778	15577
8541	15714
8778	15849
8542	15986
8779	16121
8543	16258
8780	16393
8544	16530
8781	16665
8545	16801
8782	16937
8546	17073
8783	17208
8547	17345
8784	17480
8548	17617
8784	17752
8548	17889
8785	18024
8549	18161
8786	18296
8550	18432
8787	18568
8551	18704
8788	18839
8552	18976
8789	19111
8553	19248
8790	19383
8554	19520
8791	19655
8554	19792
8791	19927
8555	20063
8792	20199
8556	20335
8793	20470
8557	20607
8794	20742
8558	20879
8795	21014
8559	21151
8796	21286
8560	21423
8797	21558
8560	21694
8797	21830
8561	21966
8798	22101
8562	22238
8799	22373
8563	22510
8800	22645
8564	22782
8801	22917
8565	23054
8802	23189
8566	23325
8803	23461
8567	23597
8803	23732
8567	23869
8804	24004
8568	24141
8805	24276
8569	24413
8806	24548
8570	24685
8807	24820
8571	24957
8808	25092
8572	25228
8809	25364
8573	25500
8810	25635
8573	25772
8810	25907
8574	26044
8811	26179
8575	26316
8812	26451
8576	26588
8813	26723
8577	26859
8814	26995
8578	27131
8815	27266
8579	27403
8816	27538
8580	27675
8816	27810
8580	27947
8817	28082
8581	28219
8818	28354
8582	28490
8819	28626
8583	28762
8820	28897
8584	29034
8821	29169
8585	29306
8822	29441
9003	12179
9240	12314
9004	12450
9241	12586
9005	12722
9242	12857
9006	12994
9243	13129
9007	13266
9244	13401
9008	13538
9244	13673
9008	13810
9245	13945
9009	14081
9246	14217
9010	14353
9247	14488
9011	14625
9248	14760
9012	14897
9249	15032
9013	15169
9250	15304
9014	15441
9251	15576
9014	15712
9251	15848
9015	15984
9252	16119
9016	16256
9253	16391
9017	16528
9254	16663
9018	16800
9255	16935
9019	17072
9256	17207
9020	17344
9257	17479
9021	17615
9257	17751
9021	17887
9258	18022
9022	18159
9259	18294
9023	18431
9260	18566
9024	18703
9261	18838
9025	18975
9262	19110
9026	19246
9263	19382
9027	19518
9264	19653
9027	19790
9264	19925
9028	20062
9265	20197
9029	20334
9266	20469
9030	20606
9267	20741
9031	20877
9268	21013
9032	21149
9269	21284
9033	21421
9270	21556
9033	21693
9270	21828
9034	21965
9271	22100
9035	22237
9272	22372
9036	22508
9273	22644
9037	22780
9274	22915
9038	23052
9275	23187
9039	23324
9276	23459
9040	23596
9276	23731
9040	23868
9277	24003
9041	24139
9278	24275
9042	24411
9279	24547
9043	24683
9280	24818
9044	24955
9281	25090
9045	25227
9282	25362
9046	25499
9283	25634
9046	25771
9283	25906
9047	26042
9284	26178
9048	26314
9285	26449
9049	26586
9286	26721
9050	26858
9287	26993
9051	27130
9288	27265
9052	27402
9289	27537
9053	27673
9289	27809
9053	27945
9290	28080
9054	28217
9291	28352
9055	28489
9292	28624
9056	28761
9293	28896
9057	29033
9294	29168
9058	29304
9295	29440
9476	12177
9713	12312
9477	12449
9714	12584
9478	12721
9715	12856
9479	12993
9716	13128
9480	13264
9717	13400
9481	13536
9717	13671
9481	13808
9718	13943
9482	14080
9719	14215
9483	14352
9720	14487
9484	14624
9721	14759
9485	14895
9722	15031
9486	15167
9723	15302
9487	15439
9724	15574
9487	15711
9724	15846
9488	15983
9725	16118
9489	16255
9726	16390
9490	16527
9727	16662
9491	16798
9728	16934
9492	17070
9729	17205
9493	17342
9730	17477
9494	17614
9730	17749
9494	17886
9731	18021
9495	18158
9732	18293
9496	18429
9733	18565
9497	18701
9734	18836
9498	18973
9735	19108
9499	19245
9736	19380
9500	19517
9737	19652
9500	19789
9737	19924
9501	20060
9738	20196
9502	20332
9739	20467
9503	20604
9740	20739
9504	20876
9741	21011
9505	21148
9742	21283
9506	21420
9743	21555
9506	21691
9743	21827
9507	21963
9744	22098
9508	22235
9745	22370
9509	22507
9746	22642
9510	22779
9747	22914
9511	23051
9748	23186
9512	23322
9749	23458
9513	23594
9749	23729
9513	23866
9750	24001
9514	24138
9751	24273
9515	24410
9752	24545
9516	24682
9753	24817
9517	24954
9754	25089
9518	25225
9755	25361
9519	25497
9756	25632
9519	25769
9756	25904
9520	26041
9757	26176
9521	26313
9758	26448
9522	26585
9759	26720
9523	26856
9760	26992
9524	27128
9761	27263
9525	27400
9762	27535
9526	27672
9762	27807
9526	27944
9763	28079
9527	28216
9764	28351
9528	28487
9765	28623
9529	28759
9766	28894
9530	29031
9767	29166
9531	29303
9768	29438
9949	12176
10186	12311
9950	12447
10187	12583
9951	12719
10188	12854
9952	12991
10189	13126
9953	13263
10190	13398
9954	13535
10190	13670
9954	13807
10191	13942
9955	14078
10192	14214
9956	14350
10193	14485
9957	14622
10194	14757
9958	14894
10195	15029
9959	15166
10196	15301
9960	15438
10197	15573
9960	15709
10197	15845
9961	15981
10198	16116
9962	16253
10199	16388
9963	16525
10200	16660
9964	16797
10201	16932
9965	17069
10202	17204
9966	17341
10203	17476
9967	17612
10203	17748
9967	17884
10204	18019
9968	18156
10205	18291
9969	18428
10206	18563
9970	18700
10207	18835
9971	18972
10208	19107
9972	19243
10209	19379
9973	19515
10210	19650
9973	19787
10210	19922
9974	20059
10211	20194
9975	20331
10212	20466
9976	20603
10213	20738
9977	20874
10214	21010
9978	21146
10215	21281
9979	21418
10216	21553
9979	21690
10216	21825
9980	21962
10217	22097
9981	22234
10218	22369
9982	22505
10219	22641
9983	22777
10220	22912
9984	23049
10221	23184
9985	23321
10222	23456
9986	23593
10222	23728
9986	23865
10223	24000
9987	24136
10224	24272
9988	24408
10225	24543
9989	24680
10226	24815
9990	24952
10227	25087
9991	25224
10228	25359
9992	25496
10229	25631
9992	25768
10229	25903
9993	26039
10230	26175
9994	26311
10231	26446
9995	26583
10232	26718
9996	26855
10233	26990
9997	27127
10234	27262
9998	27399
10235	27534
9999	27670
10235	27806
9999	27942
10236	28077
10000	28214
10237	28349
10001	28486
10238	28621
10002	28758
10239	28893
10003	29030
10240	29165
10004	29301
10241	29437
10422	12174
10659	12309
10423	12446
10660	12581
10424	12718
10661	12853
10425	12990
10662	13125
10426	13261
10663	13397
10427	13533
10663	13668
10427	13805
10664	13940
10428	14077
10665	14212
10429	14349
10666	14484
10430	14621
10667	14756
10431	14892
10668	15028
10432	15164
10669	15299
10433	15436
10670	15571
10433	15708
10670	15843
10434	15980
10671	16115
10435	16252
10672	16387
10436	16523
10673	16659
10437	16795
10674	16931
10438	17067
10675	17202
10439	17339
10676	17474
10440	17611
10676	17746
10440	17883
10677	18018
10441	18155
10678	18290
10442	18426
10679	18562
10443	18698
10680	18833
10444	18970
10681	19105
10445	19242
10682	19377
10446	19514
10683	19649
10446	19786
10683	19921
10447	20057
10684	20193
10448	20329
10685	20464
10449	20601
10686	20736
10450	20873
10687	21008
10451	21145
10688	21280
10452	21417
10689	21552
10452	21688
10689	21824
10453	21960
10690	22095
10454	22232
10691	22367
10455	22504
10692	22639
10456	22776
10693	22911
10457	23048
10694	23183
10458	23319
10695	23455
10459	23591
10695	23726
10459	23863
10696	23998
10460	24135
10697	24270
10461	24407
10698	24542
10462	24679
10699	24814
10463	24950
10700	25086
10464	25222
10701	25358
10465	25494
10702	25629
10465	25766
10702	25901
10466	26038
10703	26173
10467	26310
10704	26445
10468	26582
10705	26717
10469	26853
10706	26989
10470	27125
10707	27260
10471	27397
10708	27532
10472	27669
10708	27804
10472	27941
10709	28076
10473	28213
10710	28348
10474	28484
10711	28620
10475	28756
10712	28891
10476	29028
10713	29163
10477	29300
10714	29435
10895	12173
11132	12308
10896	12444
11133	12580
10897	12716
11134	12851
10898	12988
11135	13123
10899	13260
11136	13395
10900	13532
11136	13667
10900	13804
11137	13939
10901	14075
11138	14211
10902	14347
11139	14482
10903	14619
11140	14754
10904	14891
11141	15026
10905	15163
11142	15298
10906	15435
11143	15570
10906	15706
11143	15842
10907	15978
11144	16113
10908	16250
11145	16385
10909	16522
11146	16657
10910	16794
11147	16929
10911	17066
11148	17201
10912	17338
11149	17473
10913	17609
11149	17745
10913	17881
11150	18016
10914	18153
11151	18288
10915	18425
11152	18560
10916	18697
11153	18832
10917	18969
11154	19104
10918	19240
11155	19376
10919	19512
11156	19647
10919	19784
11156	19919
10920	20056
11157	20191
10921	20328
11158	20463
10922	20600
11159	20735
10923	20871
11160	21007
10924	21143
11161	21278
10925	21415
11162	21550
10925	21687
11162	21822
10926	21959
11163	22094
10927	22231
11164	22366
10928	22502
11165	22638
10929	22774
11166	22909
10930	23046
11167	23181
10931	23318
11168	23453
10932	23590
11168	23725
10932	23862
11169	23997
10933	24133
11170	24269
10934	24405
11171	24540
10935	24677
11172	24812
10936	24949
11173	25084
10937	25221
11174	25356
10938	25493
11175	25628
10938	25765
11175	25900
10939	26036
11176	26172
10940	26308
11177	26443
10941	26580
11178	26715
10942	26852
11179	26987
10943	27124
11180	27259
10944	27396
11181	27531
10945	27667
11181	27803
10945	27939
11182	28074
10946	28211
11183	28346
10947	28483
11184	28618
10948	28755
11185	28890
10949	29027
11186	29162
10950	29298
11187	29434
11368	12171
11605	12306
11369	12443
11606	12578
11370	12715
11607	12850
11371	12987
11608	13122
11372	13258
11609	13394
11373	13530
11609	13665
11373	13802
11610	13937
11374	14074
11611	14209
11375	14346
11612	14481
11376	14618
11613	14753
11377	14889
11614	15025
11378	15161
11615	15296
11379	15433
11616	15568
11379	15705
11616	15840
11380	15977
11617	16112
11381	16249
11618	16384
11382	16520
11619	16656
11383	16792
11620	16927
11384	17064
11621	17199
11385	17336
11622	17471
11386	17608
11622	17743
11386	17880
11623	18015
11387	18152
11624	18287
11388	18423
11625	18559
11389	18695
11626	18830
11390	18967
11627	19102
11391	19239
11628	19374
11392	19511
11629	19646
11392	19783
11629	19918
11393	20054
11630	20190
11394	20326
11631	20461
11395	20598
11632	20733
11396	20870
11633	21005
11397	21142
11634	21277
11398	21414
11635	21549
11398	21685
11635	21821
11399	21957
11636	22092
11400	22229
11637	22364
11401	22501
11638	22636
11402	22773
11639	22908
11403	23045
11640	23180
11404	23316
11641	23452
11405	23588
11641	23723
11405	23860
11642	23995
11406	24132
11643	24267
11407	24404
11644	24539
11408	24676
11645	24811
11409	24947
11646	25083
11410	25219
11647	25354
11411	25491
11648	25626
11411	25763
11648	25898
11412	26035
11649	26170
11413	26307
11650	26442
11414	26579
11651	26714
11415	26850
11652	26986
11416	27122
11653	27257
11417	27394
11654	27529
11418	27666
11654	27801
11418	27938
11655	28073
11419	28210
11656	28345
11420	28481
11657	28617
11421	28753
11658	28888
11422	29025
11659	29160
11423	29297
11660	29432
11841	12170
12078	12305
11842	12441
12079	12577
11843	12713
12080	12848
11844	12985
12081	13120
11845	13257
12082	13392
11846	13529
12082	13664
11846	13801
12083	13936
11847	14072
12084	14208
11848	14344
12085	14479
11849	14616
12086	14751
11850	14888
12087	15023
11851	15160
12088	15295
11852	15432
12089	15567
11852	15703
12089	15839
11853	15975
12090	16110
11854	16247
12091	16382
11855	16519
12092	16654
11856	16791
12093	16926
11857	17063
12094	17198
11858	17334
12095	17470
11859	17606
12095	17742
11859	17878
12096	18013
11860	18150
12097	18285
11861	18422
12098	18557
11862	18694
12099	18829
11863	18966
12100	19101
11864	19237
12101	19373
11865	19509
12102	19644
11865	19781
12102	19916
11866	20053
12103	20188
11867	20325
12104	20460
11868	20597
12105	20732
11869	20868
12106	21004
11870	21140
12107	21275
11871	21412
12108	21547
11871	21684
12108	21819
11872	21956
12109	22091
11873	22228
12110	22363
11874	22499
12111	22635
11875	22771
12112	22906
11876	23043
12113	23178
11877	23315
12114	23450
11878	23587
12114	23722
11878	23859
12115	23994
11879	24130
12116	24266
11880	24402
12117	24537
11881	24674
12118	24809
11882	24946
12119	25081
11883	25218
12120	25353
11884	25490
12121	25625
11884	25762
12121	25897
11885	26033
12122	26169
11886	26305
12123	26440
11887	26577
12124	26712
11888	26849
12125	26984
11889	27121
12126	27256
11890	27393
12127	27528
11891	27664
12127	27800
11891	27936
12128	28071
11892	28208
12129	28343
11893	28480
12130	28615
11894	28752
12131	28887
11895	29024
12132	29159
11896	29295
12133	29431
12314	12168
12551	12303
12315	12440
12552	12575
12316	12712
12553	12847
12317	12984
12554	13119
12318	13255
12555	13391
12319	13527
12555	13662
12319	13799
12556	13934
12320	14071
12557	14206
12321	14343
12558	14478
12322	14615
12559	14750
12323	14886
12560	15022
12324	15158
12561	15293
12325	15430
12562	15565
12325	15702
12562	15837
12326	15974
12563	16109
12327	16246
12564	16381
12328	16517
12565	16653
12329	16789
12566	16924
12330	17061
12567	17196
12331	17333
12568	17468
12332	17605
12568	17740
12332	17877
12569	18012
12333	18149
12570	18284
12334	18420
12571	18556
12335	18692
12572	18827
12336	18964
12573	19099
12337	19236
12574	19371
12338	19508
12575	19643
12338	19780
12575	19915
12339	20051
12576	20187
12340	20323
12577	20458
12341	20595
12578	20730
12342	20867
12579	21002
12343	21139
12580	21274
12344	21411
12581	21546
12344	21682
12581	21818
12345	21954
12582	22089
12346	22226
12583	22361
12347	22498
12584	22633
12348	22770
12585	22905
12349	23042
12586	23177
12350	23313
12587	23449
12351	23585
12587	23720
12351	23857
12588	23992
12352	24129
12589	24264
12353	24401
12590	24536
12354	24673
12591	24808
12355	24944
12592	25080
12356	25216
12593	25351
12357	25488
12594	25623
12357	25760
12594	25895
12358	26032
12595	26167
12359	26304
12596	26439
12360	26576
12597	26711
12361	26847
12598	26983
12362	27119
12599	27254
12363	27391
12600	27526
12364	27663
12600	27798
12364	27935
12601	28070
12365	28207
12602	28342
12366	28478
12603	28614
12367	28750
12604	28885
12368	29022
12605	29157
12369	29294
12606	29429
12787	12167
13024	12302
12788	12438
13025	12574
12789	12710
13026	12845
12790	12982
13027	13117
12791	13254
13028	13389
12792	13526
13028	13661
12792	13798
13029	13933
12793	14069
13030	14205
12794	14341
13031	14476
12795	14613
13032	14748
12796	14885
13033	15020
12797	15157
13034	15292
12798	15429
13035	15564
12798	15700
13035	15836
12799	15972
13036	16107
12800	16244
13037	16379
12801	16516
13038	16651
12802	16788
13039	16923
12803	17060
13040	17195
12804	17331
13041	17467
12805	17603
13041	17738
12805	17875
13042	18010
12806	18147
13043	18282
12807	18419
13044	18554
12808	18691
13045	18826
12809	18963
13046	19098
12810	19234
13047	19370
12811	19506
13048	19641
12811	19778
13048	19913
12812	20050
13049	20185
12813	20322
13050	20457
12814	20594
13051	20729
12815	20865
13052	21001
12816	21137
13053	21272
12817	21409
13054	21544
12817	21681
13054	21816
12818	21953
13055	22088
12819	22225
13056	22360
12820	22496
13057	22632
12821	22768
13058	22903
12822	23040
13059	23175
12823	23312
13060	23447
12824	23584
13060	23719
12824	23856
13061	23991
12825	24127
13062	24263
12826	24399
13063	24534
12827	24671
13064	24806
12828	24943
13065	25078
12829	25215
13066	25350
12830	25487
13067	25622
12830	25758
13067	25894
12831	26030
13068	26165
12832	26302
13069	26437
12833	26574
13070	26709
12834	26846
13071	26981
12835	27118
13072	27253
12836	27390
13073	27525
12837	27661
13073	27797
12837	27933
13074	28068
12838	28205
13075	28340
12839	28477
13076	28612
12840	28749
13077	28884
12841	29021
13078	29156
12842	29292
13079	29428
13260	12165
13497	12300
13261	12437
13498	12572
13262	12709
13499	12844
13263	12981
13500	13116
13264	13252
13501	13388
13265	13524
13501	13659
13265	13796
13502	13931
13266	14068
13503	14203
13267	14340
13504	14475
13268	14612
13505	14747
13269	14883
13506	15019
13270	15155
13507	15290
13271	15427
13508	15562
13271	15699
13508	15834
13272	15971
13509	16106
13273	16243
13510	16378
13274	16514
13511	16650
13275	16786
13512	16921
13276	17058
13513	17193
13277	17330
13514	17465
13278	17602
13514	17737
13278	17874
13515	18009
13279	18146
13516	18281
13280	18417
13517	18553
13281	18689
13518	18824
13282	18961
13519	19096
13283	19233
13520	19368
13284	19505
13521	19640
13284	19777
13521	19912
13285	20048
13522	20184
13286	20320
13523	20455
13287	20592
13524	20727
13288	20864
13525	20999
13289	21136
13526	21271
13290	21408
13527	21543
13290	21679
13527	21815
13291	21951
13528	22086
13292	22223
13529	22358
13293	22495
13530	22630
13294	22767
13531	22902
13295	23039
13532	23174
13296	23310
13533	23446
13297	23582
13533	23717
13297	23854
13534	23989
13298	24126
13535	24261
13299	24398
13536	24533
13300	24670
13537	24805
13301	24941
13538	25077
13302	25213
13539	25348
13303	25485
13540	25620
13303	25757
13540	25892
13304	26029
13541	26164
13305	26301
13542	26436
13306	26573
13543	26708
13307	26844
13544	26980
13308	27116
13545	27251
13309	27388
13546	27523
13310	27660
13546	27795
13310	27932
13547	28067
13311	28204
13548	28339
13312	28475
13549	28611
13313	28747
13550	28882
13314	29019
13551	29154
13315	29291
13552	29426
13733	12164
13970	12299
13734	12435
13971	12571
13735	12707
13972	12842
13736	12979
13973	13114
13737	13251
13974	13386
13738	13523
13974	13658
13738	13795
13975	13930
13739	14066
13976	14202
13740	14338
13977	14473
13741	14610
13978	14745
13742	14882
13979	15017
13743	15154
13980	15289
13744	15426
13981	15561
13744	15697
13981	15833
13745	15969
13982	16104
13746	16241
13983	16376
13747	16513
13984	16648
13748	16785
13985	16920
13749	17057
13986	17192
13750	17328
13987	17464
13751	17600
13987	17735
13751	17872
13988	18007
13752	18144
13989	18279
13753	18416
13990	18551
13754	18688
13991	18823
13755	18960
13992	19095
13756	19231
13993	19367
13757	19503
13994	19638
13757	19775
13994	19910
13758	20047
13995	20182
13759	20319
13996	20454
13760	20591
13997	20726
13761	20862
13998	20998
13762	21134
13999	21269
13763	21406
14000	21541
13763	21678
14000	21813
13764	21950
14001	22085
13765	22222
14002	22357
13766	22493
14003	22629
13767	22765
14004	22900
13768	23037
14005	23172
13769	23309
14006	23444
13770	23581
14006	23716
13770	23853
14007	23988
13771	24124
14008	24260
13772	24396
14009	24531
13773	24668
14010	24803
13774	24940
14011	25075
13775	25212
14012	25347
13776	25484
14013	25619
13776	25755
14013	25891
13777	26027
14014	26162
13778	26299
14015	26434
13779	26571
14016	26706
13780	26843
14017	26978
13781	27115
14018	27250
13782	27387
14019	27522
13783	27658
14019	27794
13783	27930
14020	28065
13784	28202
14021	28337
13785	28474
14022	28609
13786	28746
14023	28881
13787	29018
14024	29153
13788	29289
14025	29425
14206	12162
14443	12297
14207	12434
14444	12569
14208	12706
14445	12841
14209	12978
14446	13113
14210	13249
14447	13385
14211	13521
14447	13656
14211	13793
14448	13928
14212	14065
14449	14200
14213	14337
14450	14472
14214	14609
14451	14744
14215	14880
14452	15016
14216	15152
14453	15287
14217	15424
14454	15559
14217	15696
14454	15831
14218	15968
14455	16103
14219	16240
14456	16375
14220	16511
14457	16647
14221	16783
14458	16918
14222	17055
14459	17190
14223	17327
14460	17462
14224	17599
14460	17734
14224	17871
14461	18006
14225	18142
14462	18278
14226	18414
14463	18549
14227	18686
14464	18821
14228	18958
14465	19093
14229	19230
14466	19365
14230	19502
14467	19637
14230	19774
14467	19909
14231	20045
14468	20181
14232	20317
14469	20452
14233	20589
14470	20724
14234	20861
14471	20996
14235	21133
14472	21268
14236	21405
14473	21540
14236	21676
14473	21812
14237	21948
14474	22083
14238	22220
14475	22355
14239	22492
14476	22627
14240	22764
14477	22899
14241	23036
14478	23171
14242	23307
14479	23443
14243	23579
14479	23714
14243	23851
14480	23986
14244	24123
14481	24258
14245	24395
14482	24530
14246	24667
14483	24802
14247	24938
14484	25074
14248	25210
14485	25345
14249	25482
14486	25617
14249	25754
14486	25889
14250	26026
14487	26161
14251	26298
14488	26433
14252	26569
14489	26705
14253	26841
14490	26976
14254	27113
14491	27248
14255	27385
14492	27520
14256	27657
14492	27792
14256	27929
14493	28064
14257	28201
14494	28336
14258	28472
14495	28608
14259	28744
14496	28879
14260	29016
14497	29151
14261	29288
14498	29423
14679	12161
14916	12296
14680	12432
14917	12568
14681	12704
14918	12839
14682	12976
14919	13111
14683	13248
14920	13383
14684	13520
14920	13655
14684	13792
14921	13927
14685	14063
14922	14199
14686	14335
14923	14470
14687	14607
14924	14742
14688	14879
14925	15014
14689	15151
14926	15286
14690	15423
14927	15558
14690	15694
14927	15830
14691	15966
14928	16101
14692	16238
14929	16373
14693	16510
14930	16645
14694	16782
14931	16917
14695	17054
14932	17189
14696	17325
14933	17461
14697	17597
14933	17732
14697	17869
14934	18004
14698	18141
14935	18276
14699	18413
14936	18548
14700	18685
14937	18820
14701	18957
14938	19092
14702	19228
14939	19364
14703	19500
14940	19635
14703	19772
14940	19907
14704	20044
14941	20179
14705	20316
14942	20451
14706	20588
14943	20723
14707	20859
14944	20995
14708	21131
14945	21266
14709	21403
14946	21538
14709	21675
14946	21810
14710	21947
14947	22082
14711	22219
14948	22354
14712	22490
14949	22626
14713	22762
14950	22897
14714	23034
14951	23169
14715	23306
14952	23441
14716	23578
14952	23713
14716	23850
14953	23985
14717	24121
14954	24257
14718	24393
14955	24528
14719	24665
14956	24800
14720	24937
14957	25072
14721	25209
14958	25344
14722	25481
14959	25616
14722	25752
14959	25888
14723	26024
14960	26159
14724	26296
14961	26431
14725	26568
14962	26703
14726	26840
14963	26975
14727	27112
14964	27247
14728	27384
14965	27519
14729	27655
14965	27791
14729	27927
14966	28062
14730	28199
14967	28334
14731	28471
14968	28606
14732	28743
14969	28878
14733	29015
14970	29150
14734	29286
14971	29422
15152	12159
15389	12294
15153	12431
15390	12566
15154	12703
15391	12838
15155	12975
15392	13110
15156	13246
15393	13382
15157	13518
15393	13653
15157	13790
15394	13925
15158	14062
15395	14197
15159	14334
15396	14469
15160	14606
15397	14741
15161	14877
15398	15013
15162	15149
15399	15284
15163	15421
15400	15556
15163	15693
15400	15828
15164	15965
15401	16100
15165	16237
15402	16372
15166	16508
15403	16644
15167	16780
15404	16915
15168	17052
15405	17187
15169	17324
15406	17459
15170	17596
15406	17731
15170	17868
15407	18003
15171	18139
15408	18275
15172	18411
15409	18546
15173	18683
15410	18818
15174	18955
15411	19090
15175	19227
15412	19362
15176	19499
15413	19634
15176	19771
15413	19906
15177	20042
15414	20178
15178	20314
15415	20449
15179	20586
15416	20721
15180	20858
15417	20993
15181	21130
15418	21265
15182	21402
15419	21537
15182	21673
15419	21809
15183	21945
15420	22080
15184	22217
15421	22352
15185	22489
15422	22624
15186	22761
15423	22896
15187	23033
15424	23168
15188	23304
15425	23440
15189	23576
15425	23711
15189	23848
15426	23983
15190	24120
15427	24255
15191	24392
15428	24527
15192	24664
15429	24799
15193	24935
15430	25071
15194	25207
15431	25342
15195	25479
15432	25614
15195	25751
15432	25886
15196	26023
15433	26158
15197	26295
15434	26430
15198	26566
15435	26702
15199	26838
15436	26973
15200	27110
15437	27245
15201	27382
15438	27517
15202	27654
15438	27789
15202	27926
15439	28061
15203	28198
15440	28333
15204	28469
15441	28605
15205	28741
15442	28876
15206	29013
15443	29148
15207	29285
15444	29420
15625	12158
15862	12293
15626	12429
15863	12565
15627	12701
15864	12836
15628	12973
15865	13108
15629	13245
15866	13380
15630	13517
15866	13652
15630	13789
15867	13924
15631	14060
15868	14196
15632	14332
15869	14467
15633	14604
15870	14739
15634	14876
15871	15011
15635	15148
15872	15283
15636	15420
15873	15555
15636	15691
15873	15827
15637	15963
15874	16098
15638	16235
15875	16370
15639	16507
15876	16642
15640	16779
15877	16914
15641	17051
15878	17186
15642	17322
15879	17458
15643	17594
15879	17729
15643	17866
15880	18001
15644	18138
15881	18273
15645	18410
15882	18545
15646	18682
15883	18817
15647	18953
15884	19089
15648	19225
15885	19361
15649	19497
15886	19632
15649	19769
15886	19904
15650	20041
15887	20176
15651	20313
15888	20448
15652	20585
15889	20720
15653	20856
15890	20992
15654	21128
15891	21263
15655	21400
15892	21535
15655	21672
15892	21807
15656	21944
15893	22079
15657	22216
15894	22351
15658	22487
15895	22623
15659	22759
15896	22894
15660	23031
15897	23166
15661	23303
15898	23438
15662	23575
15898	23710
15662	23847
15899	23982
15663	24118
15900	24254
15664	24390
15901	24525
15665	24662
15902	24797
15666	24934
15903	25069
15667	25206
15904	25341
15668	25478
15905	25613
15668	25749
15905	25885
15669	26021
15906	26156
15670	26293
15907	26428
15671	26565
15908	26700
15672	26837
15909	26972
15673	27109
15910	27244
15674	27380
15911	27516
15675	27652
15911	27788
15675	27924
15912	28059
15676	28196
15913	28331
15677	28468
15914	28603
15678	28740
15915	28875
15679	29012
15916	29147
15680	29283
15917	29419
16098	12156
16335	12291
16099	12428
16336	12563
16100	12700
16337	12835
16101	12972
16338	13107
16102	13243
16339	13379
16103	13515
16339	13650
16103	13787
16340	13922
16104	14059
16341	14194
16105	14331
16342	14466
16106	14603
16343	14738
16107	14874
16344	15010
16108	15146
16345	15281
16109	15418
16346	15553
16109	15690
16346	15825
16110	15962
16347	16097
16111	16234
16348	16369
16112	16505
16349	16641
16113	16777
16350	16912
16114	17049
16351	17184
16115	17321
16352	17456
16116	17593
16352	17728
16116	17865
16353	18000
16117	18136
16354	18272
16118	18408
16355	18543
16119	18680
16356	18815
16120	18952
16357	19087
16121	19224
16358	19359
16122	19496
16359	19631
16122	19768
16359	19903
16123	20039
16360	20175
16124	20311
16361	20446
16125	20583
16362	20718
16126	20855
16363	20990
16127	21127
16364	21262
16128	21399
16365	21534
16128	21670
16365	21806
16129	21942
16366	22077
16130	22214
16367	22349
16131	22486
16368	22621
16132	22758
16369	22893
16133	23030
16370	23165
16134	23301
16371	23437
16135	23573
16371	23708
16135	23845
16372	23980
16136	24117
16373	24252
16137	24389
16374	24524
16138	24661
16375	24796
16139	24932
16376	25068
16140	25204
16377	25339
16141	25476
16378	25611
16141	25748
16378	25883
16142	26020
16379	26155
16143	26292
16380	26427
16381	26699
16145	26835
16382	26970
16146	27107
16383	27242
16147	27379
16384	27514
16148	27651
16384	27786
16148	27923
16385	28058
16149	28195
16386	28330
16150	28466
16387	28602
16151	28738
16388	28873
16152	29010
16389	29145
16153	29282
16390	29417
16571	12155
16808	12290
16572	12426
16809	12562
16573	12698
16810	12833
16574	12970
16811	13105
16575	13242
16812	13377
16576	13514
16812	13649
16576	13786
16813	13921
16577	14057
16814	14193
16578	14329
16815	14464
16579	14601
16816	14736
16580	14873
16817	15008
16581	15145
16818	15280
16582	15417
16819	15552
16582	15688
16819	15824
16583	15960
16820	16095
16584	16232
16821	16367
16585	16504
16822	16639
16586	16776
16823	16911
16587	17048
16824	17183
16588	17319
16825	17455
16589	17591
16825	17726
16589	17863
16826	17998
16590	18135
16827	18270
16591	18407
16828	18542
16592	18679
16829	18814
16593	18950
16830	19086
16594	19222
16831	19357
16595	19494
16832	19629
16595	19766
16832	19901
16596	20038
16833	20173
16597	20310
16834	20445
16598	20582
16835	20717
16599	20853
16836	20989
16600	21125
16837	21260
16601	21397
16838	21532
16601	21669
16838	21804
16602	21941
16839	22076
16603	22213
16840	22348
16604	22484
16841	22620
16605	22756
16842	22891
16606	23028
16843	23163
16607	23300
16844	23435
16608	23572
16844	23707
16608	23844
16845	23979
16609	24115
16846	24251
16610	24387
16847	24522
16611	24659
16848	24794
16612	24931
16849	25066
16613	25203
16850	25338
16614	25475
16851	25610
16614	25746
16851	25882
16615	26018
16852	26153
16616	26290
16853	26425
16854	26697
16618	26834
16855	26969
16619	27106
16856	27241
16620	27377
16857	27513
16621	27649
16857	27784
16621	27921
16858	28056
16622	28193
16859	28328
16623	28465
16860	28600
16624	28737
16861	28872
16625	29009
16862	29144
16626	29280
16863	29416
17044	12153
17281	12288
17045	12425
17282	12560
17046	12697
17283	12832
17047	12969
17284	13104
17048	13240
17285	13376
17049	13512
17285	13647
17049	13784
17286	13919
17050	14056
17287	14191
17051	14328
17288	14463
17052	14600
17289	14735
17053	14871
17290	15007
17054	15143
17291	15278
17055	15415
17292	15550
17055	15687
17292	15822
17056	15959
17293	16094
17057	16231
17294	16366
17058	16502
17295	16638
17059	16774
17296	16909
17060	17046
17297	17181
17061	17318
17298	17453
17062	17590
17298	17725
17062	17862
17299	17997
17063	18133
17300	18269
17064	18405
17301	18540
17065	18677
17302	18812
17066	18949
17303	19084
17067	19221
17304	19356
17068	19493
17305	19628
17068	19764
17305	19900
17069	20036
17306	20172
17070	20308
17307	20443
17071	20580
17308	20715
17072	20852
17309	20987
17073	21124
17310	21259
17074	21396
17311	21531
17074	21667
17311	21803
17075	21939
17312	22074
17076	22211
17313	22346
17077	22483
17314	22618
17078	22755
17315	22890
17079	23027
17316	23162
17080	23298
17317	23434
17081	23570
17317	23705
17081	23842
17318	23977
17082	24114
17319	24249
17083	24386
17320	24521
17084	24658
17321	24793
17085	24929
17322	25065
17086	25201
17323	25336
17087	25473
17324	25608
17087	25745
17324	25880
17088	26017
17325	26152
17089	26289
17326	26424
17090	26560
17327	26696
17091	26832
17328	26967
17092	27104
17329	27239
17093	27376
17330	27511
17094	27648
17330	27783
17094	27920
17331	28055
17095	28191
17332	28327
17096	28463
17333	28599
17097	28735
17334	28870
17098	29007
17335	29142
17099	29279
17336	29414
17517	12152
17754	12287
17518	12423
17755	12559
17519	12695
17756	12830
17520	12967
17757	13102
17521	13239
17758	13374
17522	13511
17758	13646
17522	13783
17759	13918
17523	14054
17760	14190
17524	14326
17761	14461
17525	14598
17762	14733
17526	14870
17763	15005
17527	15142
17764	15277
17528	15414
17765	15549
17528	15685
17765	15821
17529	15957
17766	16092
17530	16229
17767	16364
17531	16501
17768	16636
17532	16773
17769	16908
17533	17045
17770	17180
17534	17316
17771	17452
17535	17588
17771	17723
17535	17860
17772	17995
17536	18132
17773	18267
17537	18404
17774	18539
17538	18676
17775	18811
17539	18947
17776	19083
17540	19219
17777	19354
17541	19491
17778	19626
17541	19763
17778	19898
17542	20035
17779	20170
17543	20307
17780	20442
17544	20579
17781	20714
17545	20850
17782	20986
17546	21122
17783	21257
17547	21394
17784	21529
17547	21666
17784	21801
17548	21938
17785	22073
17549	22210
17786	22345
17550	22481
17787	22617
17551	22753
17788	22888
17552	23025
17789	23160
17553	23297
17790	23432
17554	23569
17790	23704
17554	23841
17791	23976
17555	24112
17792	24248
17556	24384
17793	24519
17557	24656
17794	24791
17558	24928
17795	25063
17559	25200
17796	25335
17560	25472
17797	25607
17560	25743
17797	25879
17561	26015
17798	26150
17562	26287
17799	26422
17563	26559
17800	26694
17564	26831
17801	26966
17565	27103
17802	27238
17566	27374
17803	27510
17567	27646
17803	27781
17567	27918
17804	28053
17568	28190
17805	28325
17569	28462
17806	28597
17570	28734
17807	28869
17571	29006
17808	29141
17572	29277
17809	29413
17990	12150
18227	12285
17991	12422
18228	12557
17992	12694
18229	12829
17993	12966
18230	13101
17994	13237
18231	13373
17995	13509
18231	13644
17995	13781
18232	13916
17996	14053
18233	14188
17997	14325
18234	14460
17998	14597
18235	14732
17999	14868
18236	15004
18000	15140
18237	15275
18001	15412
18238	15547
18001	15684
18238	15819
18002	15956
18239	16091
18003	16228
18240	16363
18004	16499
18241	16635
18005	16771
18242	16906
18006	17043
18243	17178
18007	17315
18244	17450
18008	17587
18244	17722
18008	17859
18245	17994
18009	18130
18246	18266
18010	18402
18247	18537
18011	18674
18248	18809
18012	18946
18249	19081
18013	19218
18250	19353
18014	19490
18251	19625
18014	19761
18251	19897
18015	20033
18252	20168
18016	20305
18253	20440
18017	20577
18254	20712
18018	20849
18255	20984
18019	21121
18256	21256
18020	21393
18257	21528
18020	21664
18257	21800
18021	21936
18258	22071
18022	22208
18259	22343
18023	22480
18260	22615
18024	22752
18261	22887
18025	23024
18262	23159
18026	23295
18263	23431
18027	23567
18263	23702
18027	23839
18264	23974
18028	24111
18265	24246
18029	24383
18266	24518
18030	24655
18267	24790
18031	24926
18268	25062
18032	25198
18269	25333
18033	25470
18270	25605
18033	25742
18270	25877
18034	26014
18271	26149
18035	26286
18272	26421
18036	26557
18273	26693
18037	26829
18274	26964
18038	27101
18275	27236
18039	27373
18276	27508
18040	27645
18276	27780
18040	27917
18277	28052
18041	28188
18278	28324
18042	28460
18279	28595
18043	28732
18280	28867
18044	29004
18281	29139
18045	29276
18282	29411
18463	12148
18700	12284
18464	12420
18701	12556
18465	12692
18702	12827
18466	12964
18703	13099
18467	13236
18704	13371
18468	13508
18704	13643
18468	13780
18705	13915
18469	14051
18706	14187
18470	14323
18707	14458
18471	14595
18708	14730
18472	14867
18709	15002
18473	15139
18710	15274
18474	15411
18711	15546
18474	15682
18711	15818
18475	15954
18712	16089
18476	16226
18713	16361
18477	16498
18714	16633
18478	16770
18715	16905
18479	17042
18716	17177
18480	17313
18717	17449
18481	17585
18717	17720
18481	17857
18718	17992
18482	18129
18719	18264
18483	18401
18720	18536
18484	18673
18721	18808
18485	18944
18722	19080
18486	19216
18723	19351
18487	19488
18724	19623
18487	19760
18724	19895
18488	20032
18725	20167
18489	20304
18726	20439
18490	20575
18727	20711
18491	20847
18728	20983
18492	21119
18729	21254
18493	21391
18730	21526
18493	21663
18730	21798
18494	21935
18731	22070
18495	22207
18732	22342
18496	22478
18733	22614
18497	22750
18734	22885
18498	23022
18735	23157
18499	23294
18736	23429
18500	23566
18736	23701
18500	23838
18737	23973
18501	24109
18738	24245
18502	24381
18739	24516
18503	24653
18740	24788
18504	24925
18741	25060
18505	25197
18742	25332
18506	25469
18743	25604
18506	25740
18743	25876
18507	26012
18744	26147
18508	26284
18745	26419
18509	26556
18746	26691
18510	26828
18747	26963
18511	27100
18748	27235
18512	27371
18749	27507
18513	27643
18749	27778
18513	27915
18750	28050
18514	28187
18751	28322
18515	28459
18752	28594
18516	28731
18753	28866
18517	29003
18754	29138
18518	29274
18755	29410
18936	12147
19173	12282
18937	12419
19174	12554
18938	12691
19175	12826
18939	12963
19176	13098
18940	13234
19177	13370
18941	13506
19177	13641
18941	13778
19178	13913
18942	14050
19179	14185
18943	14322
19180	14457
18944	14594
19181	14729
18945	14865
19182	15001
18946	15137
19183	15272
18947	15409
19184	15544
18947	15681
19184	15816
18948	15953
19185	16088
18949	16225
19186	16360
18950	16496
19187	16632
18951	16768
19188	16903
18952	17040
19189	17175
18953	17312
19190	17447
18954	17584
19190	17719
18954	17856
19191	17991
18955	18127
19192	18263
18956	18399
19193	18534
18957	18671
19194	18806
18958	18943
19195	19078
18959	19215
19196	19350
18960	19487
19197	19622
18960	19758
19197	19894
18961	20030
19198	20165
18962	20302
19199	20437
18963	20574
19200	20709
18964	20846
19201	20981
18965	21118
19202	21253
18966	21390
19203	21525
18966	21661
19203	21797
18967	21933
19204	22068
18968	22205
19205	22340
18969	22477
19206	22612
18970	22749
19207	22884
18971	23021
19208	23156
18972	23292
19209	23428
18973	23564
19209	23699
18973	23836
19210	23971
18974	24108
19211	24243
18975	24380
19212	24515
18976	24652
19213	24787
18977	24923
19214	25059
18978	25195
19215	25330
18979	25467
19216	25602
18979	25739
19216	25874
18980	26011
19217	26146
18981	26283
19218	26418
18982	26554
19219	26690
18983	26826
19220	26961
18984	27098
19221	27233
18985	27370
19222	27505
18986	27642
19222	27777
18986	27914
19223	28049
18987	28185
19224	28321
18988	28457
19225	28592
18989	28729
19226	28864
18990	29001
19227	29136
18991	29273
19228	29408
19409	12145
19646	12281
19410	12417
19647	12552
19411	12689
19648	12824
19412	12961
19649	13096
19413	13233
19650	13368
19414	13505
19650	13640
19414	13777
19651	13912
19415	14048
19652	14184
19416	14320
19653	14455
19417	14592
19654	14727
19418	14864
19655	14999
19419	15136
19656	15271
19420	15408
19657	15543
19420	15679
19657	15815
19421	15951
19658	16086
19422	16223
19659	16358
19423	16495
19660	16630
19424	16767
19661	16902
19425	17039
19662	17174
19426	17310
19663	17446
19427	17582
19663	17717
19427	17854
19664	17989
19428	18126
19665	18261
19429	18398
19666	18533
19430	18670
19667	18805
19431	18941
19668	19077
19432	19213
19669	19348
19433	19485
19670	19620
19433	19757
19670	19892
19434	20029
19671	20164
19435	20301
19672	20436
19436	20572
19673	20708
19437	20844
19674	20979
19438	21116
19675	21251
19439	21388
19676	21523
19439	21660
19676	21795
19440	21932
19677	22067
19441	22204
19678	22339
19442	22475
19679	22611
19443	22747
19680	22882
19444	23019
19681	23154
19445	23291
19682	23426
19446	23563
19682	23698
19446	23835
19683	23970
19447	24106
19684	24242
19448	24378
19685	24513
19449	24650
19686	24785
19450	24922
19687	25057
19451	25194
19688	25329
19452	25466
19689	25601
19452	25737
19689	25873
19453	26009
19690	26144
19454	26281
19691	26416
19455	26553
19692	26688
19456	26825
19693	26960
19457	27097
19694	27232
19458	27368
19695	27504
19459	27640
19695	27775
19459	27912
19696	28047
19460	28184
19697	28319
19461	28456
19698	28591
19462	28728
19699	28863
19463	28999
19700	29135
19464	29271
19701	29406
19882	12144
20119	12279
19883	12416
20120	12551
19884	12688
20121	12823
19885	12959
20122	13095
19886	13231
20123	13367
19887	13503
20123	13638
19887	13775
20124	13910
19888	14047
20125	14182
19889	14319
20126	14454
19890	14591
20127	14726
19891	14862
20128	14998
19892	15134
20129	15269
19893	15406
20130	15541
19893	15678
20130	15813
19894	15950
20131	16085
19895	16222
20132	16357
19896	16493
20133	16629
19897	16765
20134	16900
19898	17037
20135	17172
19899	17309
20136	17444
19900	17581
20136	17716
19900	17853
20137	17988
19901	18124
20138	18260
19902	18396
20139	18531
19903	18668
20140	18803
19904	18940
20141	19075
19905	19212
20142	19347
19906	19484
20143	19619
19906	19755
20143	19891
19907	20027
20144	20162
19908	20299
20145	20434
19909	20571
20146	20706
19910	20843
20147	20978
19911	21115
20148	21250
19912	21387
20149	21522
19912	21658
20149	21794
19913	21930
20150	22065
19914	22202
20151	22337
19915	22474
20152	22609
19916	22746
20153	22881
19917	23018
20154	23153
19918	23289
20155	23425
19919	23561
20155	23696
19919	23833
20156	23968
19920	24105
20157	24240
19921	24377
20158	24512
19922	24649
20159	24784
19923	24920
20160	25056
19924	25192
20161	25327
19925	25464
20162	25599
19925	25736
20162	25871
19926	26008
20163	26143
19927	26280
20164	26415
19928	26551
20165	26687
19929	26823
20166	26958
19930	27095
20167	27230
19931	27367
20168	27502
19932	27639
20168	27774
19932	27911
20169	28046
19933	28182
20170	28318
19934	28454
20171	28589
19935	28726
20172	28861
19936	28998
20173	29133
19937	29270
20174	29405
20355	12142
20592	12278
20356	12414
20593	12549
20357	12686
20594	12821
20358	12958
20595	13093
20359	13230
20596	13365
20360	13502
20596	13637
20360	13774
20597	13909
20361	14045
20598	14181
20362	14317
20599	14452
20363	14589
20600	14724
20364	14861
20601	14996
20365	15133
20602	15268
20366	15405
20603	15540
20366	15676
20603	15812
20367	15948
20604	16083
20368	16220
20605	16355
20369	16492
20606	16627
20370	16764
20607	16899
20371	17036
20608	17171
20372	17307
20609	17443
20373	17579
20609	17714
20373	17851
20610	17986
20374	18123
20611	18258
20375	18395
20612	18530
20376	18667
20613	18802
20377	18938
20614	19074
20378	19210
20615	19345
20379	19482
20615	19617
20379	19754
20616	19889
20380	20026
20617	20161
20381	20298
20618	20433
20382	20569
20619	20705
20383	20841
20620	20976
20384	21113
20621	21248
20385	21385
20622	21520
20385	21657
20622	21792
20386	21929
20623	22064
20387	22201
20624	22336
20388	22472
20625	22608
20389	22744
20626	22879
20390	23016
20627	23151
20391	23288
20628	23423
20392	23560
20628	23695
20392	23832
20629	23967
20393	24103
20630	24239
20394	24375
20631	24510
20395	24647
20632	24782
20396	24919
20633	25054
20397	25191
20634	25326
20398	25463
20635	25598
20398	25734
20635	25870
20399	26006
20636	26141
20400	26278
20637	26413
20401	26550
20638	26685
20402	26822
20639	26957
20403	27094
20640	27229
20404	27365
20641	27501
20405	27637
20641	27772
20405	27909
20642	28044
20406	28181
20643	28316
20407	28453
20644	28588
20408	28725
20645	28860
20409	28996
20646	29132
20410	29268
20647	29403
20828	12141
21065	12276
20829	12413
21066	12548
20830	12685
21067	12820
20831	12956
21068	13092
20832	13228
21069	13363
20833	13500
21069	13635
20833	13772
21070	13907
20834	14044
21071	14179
20835	14316
21072	14451
20836	14588
21073	14723
20837	14859
21074	14995
20838	15131
21075	15266
20839	15403
21076	15538
20839	15675
21076	15810
20840	15947
21077	16082
20841	16219
21078	16354
20842	16490
21079	16626
20843	16762
21080	16897
20844	17034
21081	17169
20845	17306
21082	17441
20846	17578
21082	17713
20846	17850
21083	17985
20847	18121
21084	18257
20848	18393
21085	18528
20849	18665
21086	18800
20850	18937
21087	19072
20851	19209
21088	19344
20852	19481
21088	19616
20852	19752
21089	19888
20853	20024
21090	20159
20854	20296
21091	20431
20855	20568
21092	20703
20856	20840
21093	20975
20857	21112
21094	21247
20858	21383
21095	21519
20858	21655
21095	21790
20859	21927
21096	22062
20860	22199
21097	22334
20861	22471
21098	22606
20862	22743
21099	22878
20863	23015
21100	23150
20864	23286
21101	23422
20865	23558
21101	23693
20865	23830
21102	23965
20866	24102
21103	24237
20867	24374
21104	24509
20868	24646
21105	24781
20869	24917
21106	25053
20870	25189
21107	25324
20871	25461
21108	25596
20871	25733
21108	25868
20872	26005
21109	26140
20873	26277
21110	26412
20874	26548
21111	26684
20875	26820
21112	26955
20876	27092
21113	27227
20877	27364
21114	27499
20878	27636
21114	27771
20878	27908
21115	28043
20879	28179
21116	28315
20880	28451
21117	28586
20881	28723
21118	28858
20882	28995
21119	29130
20883	29267
21120	29402
21301	12139
21538	12275
21302	12411
21539	12546
21303	12683
21540	12818
21304	12955
21541	13090
21305	13227
21542	13362
21306	13499
21542	13634
21306	13771
21543	13906
21307	14042
21544	14178
21308	14314
21545	14449
21309	14586
21546	14721
21310	14858
21547	14993
21311	15130
21548	15265
21312	15402
21549	15537
21312	15673
21549	15809
21313	15945
21550	16080
21314	16217
21551	16352
21315	16489
21552	16624
21316	16761
21553	16896
21317	17033
21554	17168
21318	17304
21555	17440
21319	17576
21555	17711
21319	17848
21556	17983
21320	18120
21557	18255
21321	18392
21558	18527
21322	18664
21559	18799
21323	18935
21560	19071
21324	19207
21561	19342
21325	19479
21561	19614
21325	19751
21562	19886
21326	20023
21563	20158
21327	20295
21564	20430
21328	20566
21565	20702
21329	20838
21566	20973
21330	21110
21567	21245
21331	21382
21568	21517
21331	21654
21568	21789
21332	21926
21569	22061
21333	22198
21570	22333
21334	22469
21571	22605
21335	22741
21572	22876
21336	23013
21573	23148
21337	23285
21574	23420
21338	23557
21574	23692
21338	23829
21575	23964
21339	24100
21576	24236
21340	24372
21577	24507
21341	24644
21578	24779
21342	24916
21579	25051
21343	25188
21580	25323
21344	25460
21581	25595
21344	25731
21581	25867
21345	26003
21582	26138
21346	26275
21583	26410
21347	26547
21584	26682
21348	26819
21585	26954
21349	27091
21586	27226
21350	27362
21587	27498
21351	27634
21587	27769
21351	27906
21588	28041
21352	28178
21589	28313
21353	28450
21590	28585
21354	28722
21591	28857
21355	28993
21592	29129
21356	29265
21593	29400
21774	12138
22011	12273
21775	12410
22012	12545
21776	12682
22013	12817
21777	12953
22014	13089
21778	13225
22015	13360
21779	13497
22015	13632
21779	13769
22016	13904
21780	14041
22017	14176
21781	14313
22018	14448
21782	14585
22019	14720
21783	14856
22020	14992
21784	15128
22021	15263
21785	15400
22022	15535
21785	15672
22022	15807
21786	15944
22023	16079
21787	16216
22024	16351
21788	16487
22025	16623
21789	16759
22026	16894
21790	17031
22027	17166
21791	17303
22028	17438
21792	17575
22028	17710
21792	17847
22029	17982
21793	18118
22030	18254
21794	18390
22031	18525
21795	18662
22032	18797
21796	18934
22033	19069
21797	19206
22034	19341
21798	19478
22034	19613
21798	19749
22035	19885
21799	20021
22036	20156
21800	20293
22037	20428
21801	20565
22038	20700
21802	20837
22039	20972
21803	21109
22040	21244
21804	21380
22041	21516
21804	21652
22041	21787
21805	21924
22042	22059
21806	22196
22043	22331
21807	22468
22044	22603
21808	22740
22045	22875
21809	23012
22046	23147
21810	23283
22047	23419
21811	23555
22047	23690
21811	23827
22048	23962
21812	24099
22049	24234
21813	24371
22050	24506
21814	24643
22051	24778
21815	24914
22052	25050
21816	25186
22053	25321
21817	25458
22054	25593
21817	25730
22054	25865
21818	26002
22055	26137
21819	26274
22056	26409
21820	26545
22057	26681
21821	26817
22058	26952
21822	27089
22059	27224
21823	27361
22060	27496
21824	27633
22060	27768
21824	27905
22061	28040
21825	28176
22062	28312
21826	28448
22063	28583
21827	28720
22064	28855
21828	28992
22065	29127
21829	29264
22066	29399
22247	12136
22484	12272
22248	12408
22485	12543
22249	12680
22486	12815
22250	12952
22487	13087
22251	13224
22488	13359
22252	13496
22488	13631
22252	13767
22489	13903
22253	14039
22490	14174
22254	14311
22491	14446
22255	14583
22492	14718
22256	14855
22493	14990
22257	15127
22494	15262
22258	15399
22495	15534
22258	15670
22495	15806
22259	15942
22496	16077
22260	16214
22497	16349
22261	16486
22498	16621
22262	16758
22499	16893
22263	17030
22500	17165
22264	17301
22501	17437
22265	17573
22501	17708
22265	17845
22502	17980
22266	18117
22503	18252
22267	18389
22504	18524
22268	18661
22505	18796
22269	18932
22506	19068
22270	19204
22507	19339
22271	19476
22507	19611
22271	19748
22508	19883
22272	20020
22509	20155
22273	20292
22510	20427
22274	20563
22511	20699
22275	20835
22512	20970
22276	21107
22513	21242
22277	21379
22514	21514
22277	21651
22514	21786
22278	21923
22515	22058
22279	22194
22516	22330
22280	22466
22517	22602
22281	22738
22518	22873
22282	23010
22519	23145
22283	23282
22520	23417
22284	23554
22520	23689
22284	23826
22521	23961
22285	24097
22522	24233
22286	24369
22523	24504
22287	24641
22524	24776
22288	24913
22525	25048
22289	25185
22526	25320
22290	25457
22527	25592
22290	25728
22527	25864
22291	26000
22528	26135
22292	26272
22529	26407
22293	26544
22530	26679
22294	26816
22531	26951
22295	27088
22532	27223
22296	27359
22533	27495
22297	27631
22533	27766
22297	27903
22534	28038
22298	28175
22535	28310
22299	28447
22536	28582
22300	28719
22537	28854
22301	28990
22538	29126
22302	29262
22539	29397
